18048
22059
24065
26080
28082
30088
30090
34119
36167
36172
37174
37178
38180
40216
40218
40238
40239
40240
40241
40242
40243
40244
40245
42271
45302
46316
47341
49361
50372
51379
51412
51442
51453
51463
51466
51473
51474
51475
51476
51479
51483
51484
51485
51486
51487
51495
51518
51523
51532
51542
51546
51551
51554
52568
53575
53581
53590
53592
53594
53601
53603
53606
53614
53624
53625
54634
54635
54636
54637
54638
54641
54655
54661
54694
54715
54722
54743
54756
54759
54775
54788
54800
55837
55882
55911
56933
56935
56939
56943
56951
56952
56976
57017
57039
57044
57055
57069
57095
57126
57153
57157
57160
57164
57166
57169
57170
57171
57174
57176
57202
57203
57211
57218
57223
57224
57225
57235
57239
57241
57242
57243
57245
57248
57249
57259
57267
57269
57270
57273
57281
57282
57284
57287
57288
57293
57306
57309
57310
57345
57346
57362
57364
57370
57373
57375
57379
57381
57390
57393
57395
57400
57401
57402
57403
57404
57405
57406
57410
57614
57616
57617
57619
57414
57417
57418
57420
57423
57426
57430
57431
57434
57444
57446
57454
57466
57478
57479
57483
57491
57496
57502
57551
57554
57556
57558
57565
57570
57572
57574
57575
57576
57578
57579
57580
57581
57582
57591
57594
57595
57602
57605
57610
57623
57624
57640
57644
57646
57651
57653
57655
57661
57662
57667
57671
57674
57679
57682
57685
57691
57692
57695
57696
57699
57700
57707
57709
57710
57713
57719
57725
57735
57741
57743
57746
57749
57750
57758
57760
57770
57779
57784
57785
57786
57789
57807
57815
57818
57819
57825
57826
57830
57832
57833
57837
57839
57843
57846
57847
57851
57852
57853
57857
57860
57872
57880
57881
57885
57891
57893
57894
57897
57921
57926
57929
57932
57934
57936
57942
57943
57944
57951
57953
57957
57967
57968
57969
57970
57973
57978
57983
57986
57992
58000
58002
58003
58021
58022
58024
58030
58031
58035
58037
58039
58040
58043
58051
58053
58065
58068
58074
58079
58080
58083
58084
58086
58087
58089
58090
58091
58092
58093
58094
58095
58097
58099
58101
58102
58106
58107
58108
58109
58111
58112
58113
58115
58118
58120
58121
58122
58129
58132
58135
58137
58140
58141
58142
58143
58144
58146
58152
58153
58154
58155
58163
58164
58165
58166
58167
58168
58169
58170
58171
58172
58173
58175
58176
58184
58185
58186
58190
58192
58194
58196
58200
58201
58202
58205
58206
58207
58213
58217
58220
58223
58239
58246
58250
58251
58252
58253
58254
58255
58264
58267
58272
58273
58277
58278
58279
58280
58283
58284
58286
58287
58288
58289
58290
58300
58301
58302
58308
58309
58311
58314
58315
58316
58318
58321
58325
58326
58329
58331
58332
58333
58334
58337
58339
58343
58344
58352
58355
58357
58358
58359
58360
58362
58363
58364
58365
58368
58370
58371
58372
58373
58376
58379
58381
58384
58386
58388
58394
58395
58396
58397
58398
58399
58400
58405
58407
58411
58413
58415
58419
58420
58421
58424
58426
58428
58429
58430
58432
58435
58438
58439
58441
58443
58444
58446
58447
58453
58455
58459
58463
58464
58465
58468
58469
58474
58475
58477
58480
58483
58484
58490
58497
58498
58501
58504
58507
58508
58509
58510
58515
58517
58524
58525
58527
58529
58530
58532
58533
58534
58535
58536
58539
58540
58541
58544
58545
58546
58551
58554
58555
58556
58566
58570
58572
58574
58575
58578
58579
58585
58586
58587
58588
58589
58600
58602
58603
58604
58608
58613
58619
58621
58626
58629
58630
58633
58639
58641
58655
58656
58659
58660
58666
58669
58679
58688
58689
58690
58691
58692
58693
58706
58707
58710
58714
58715
58716
58719
58720
58722
58723
58732
58733
58734
58735
58736
58746
58747
58748
58752
58754
58755
58767
58768
58777
58778
58779
58784
58787
58790
58791
58792
58793
58805
58808
58810
58811
58812
58814
58817
58825
58831
58834
58838
58839
58840
58846
58849
58853
58854
58855
58856
58858
58859
58860
58865
58868
58870
58873
58874
58878
